de:0.26694027216519706
Kr:0.1402737884473761
sigma:0.3050768120787231
dmin:0.4193975667355156
Ke:2.886398307606019
K0:0.018110984328701885
sigmaLine:0.009596218285410034
dminLine:0.0034069554857962606
sigmaOpponent:0.22733697480125006
sigmaBall:0.3996525583168606