de:0.27262416572697534
Kr:0.18342019589732522
sigma:0.15180457072731726
dmin:0.052725209858558574
Ke:2.800427954431808
K0:0.018332468666383127
sigmaLine:0.10545888245438664
dminLine:0.010382637315556142
sigmaOpponent:0.07927456935365754
sigmaBall:0.060827478174635644