de:0.005242554297073293
Kr:0.2535330493761203
sigma:0.096885599086195
dmin:-0.02648241362679293
Ke:2.95608287735076
K0:0.16834770870954063
sigmaLine:-0.025763620099495982
dminLine:0.0034184717191795993
sigmaOpponent:0.09290048491371952
sigmaBall:0.02043081919665092
