de:0.14488718822750848
Kr:0.40749713901468054
sigma:0.016246393174287718
dmin:-0.01696116058396994
Ke:2.781359153122813
K0:0.12095709209353896
sigmaLine:0.0004241022926570275
dminLine:0.017478084158800162
sigmaOpponent:0.06648642534651479
sigmaBall:0.05833399454825928