de:0.11350452338237794
Kr:0.29915036455273664
sigma:-0.14928422763976848
dmin:-0.15047665716803385
Ke:2.631320229311742
K0:0.04112947897858832
sigmaLine:0.0038919736622922622
dminLine:-0.008947987355468714
sigmaOpponent:0.10854268275988979
sigmaBall:0.06183775125278759
